2.5014
2.2526
2.1606
2.1728
2.4244
2.1333
2.2085
2.3822
2.2836
2.0103
2.0122
2.2648
2.1981
2.0056
2.0948
2.1737
2.0009
1.8376
2.0695
1.9878
1.7606
1.8423
2.0854
1.9033
1.8056
1.9155
1.7052
1.477
1.6685
1.8423
1.7305
1.4573
1.5399
1.7559
1.8338
1.7296
1.9099
1.8977
1.723
1.5315
1.861
1.9192
1.7746
1.7587
1.9399
1.7324
1.6732
1.9746
1.9549
1.8038
1.6601
1.9127
1.8798
1.5615
1.785
2.1023
1.893
1.8911
2.1061
2.1023
1.8451
1.7042
2.0723
2.2582
2.0366
2.1859
2.3155
1.9155
1.9709
2.3202
2.3192
1.8516
1.5793
2.1371
2.2451
1.9249
2.1624
2.1878
1.9812
1.8845
2.2592
2.2648
1.8901
2.0066
2.446
2.3418
2.03
2.37
2.3202
1.9887
1.9878
2.3596
2.4545
2.2394
2.2667
2.554
2.5643
2.3474
2.785
2.7577
2.3286
2.2873
2.6469
2.57
2.4197
2.1005
2.6685
2.3587
2.3089
2.7803
2.8047
2.4883
2.215
2.5465
2.5211
1.9756
2.1296
2.5981
2.0995
2.0798
2.5615
2.9493
2.4883
2.2075
2.6469
2.7775
2.385
2.1408
2.6282
2.215
2.0507
2.5906
2.4854
1.8545
2.3737
2.8263
2.8263
2.5568
2.9192
2.7061
2.2451
2.5268
2.8085
2.7615
2.4516
2.57
2.9559
2.9577
2.4817
2.7052
2.8347
2.5756
2.63
3.1653
3.1643
2.6657
2.7052
3.2563
3.3249
2.7005
3.2423
3.246
2.5915
2.4986
3.0479
3.1052
2.7446
2.5962
3.0404
2.7286
3.1362
3.4958
3.3634
2.9202
2.6967
3.1408
3.1399
2.7596
2.9906
3.415
2.7746
2.9465
3.2958
3.2141
2.7596
2.7117
3.0986
3.1568
2.5493
2.5052
3.2582
2.6836
2.4901
3.0216
3.1925
2.6
2.8122
3.246
2.9793
2.4451
3.1596
3.1427
2.5427
2.7362
3.1831
3.03
2.6507
2.5362
3.2667
3.3596
2.5493
3.1305
2.9962
2.4732
2.5906
3.2808
3.1643
2.6075
2.3681
2.9258
2.8817
2.5352
2.9784
2.97
2.5624
2.523
3.2469
3.1484
2.7399
2.6376
3.2056
2.2845
2.6601
3.0676
3.0573
2.5155
2.4695
3.015
2.8704
2.2789
2.3305
2.8826
2.2507
2.4122
2.8977
2.7991
2.2178
2.1343
2.7906
2.7549
1.9371
1.7277
2.4413
1.9277
1.8958
2.3268
2.2601
1.5146
1.754
2.2695
2.0638
1.5559
1.9127
1.5512
1.2113
1.4685
1.7624
1.6676
1.4789
1.3033
1.7296
1.6047
1.3221
1.6808
1.6601
1.2817
1.1089
1.3296
1.4545
1.3164
1.1014
1.4357
1.3944
1.1709
1.3944
1.2901
1.0967
1.2394
1.3784
1.3333
1.0648
1.3164
1.3765
1.2066
1.1596
1.3859
1.4751
1.2911
1.3239
1.3315
1.2075
1.138
1.1643
1.4742
1.2742
1.2714
1.3427
1.3746
1.1324
1.1869
1.3052
1.2854
1.169
1.3136
1.3859
1.2207
1.1953
1.3991
1.5737
1.3099
1.3446
1.5268
1.4113
1.0169
1.2535
1.1671
0.9343
1.0535
1.3559
1.3925
1.0939
1.0545
1.2629
1.2254
1.0939
1.1577
1.2948
0.907
0.8357
1.0028
1.0977
0.9568
1.0986
1.1484
1.2131
1.0094
1.1221
1.1897
0.9192
0.9042
1.1878
1.2338
0.9268
0.9146
1.1681
0.9793
0.97
1.2178
1.1286
1.031
1.0103
1.1596
1.1164
0.9117
0.8667
0.9681
0.8047
0.9249
0.9249
0.8009
0.693
0.7305
0.9136
0.8911
0.6207
0.7099
0.8498
0.6911
0.7474
0.7784
0.9418
0.7822
0.7925
0.7972
0.8479
0.6563
0.7362
0.7981
0.6883
0.6638
0.707
0.8451
0.7512
0.7577
0.7681
0.8995
0.8657
0.8347
0.8535
0.7286
0.7925
0.8216
0.8028
0.6995
0.7906
0.7765
0.8582
0.77
0.738
0.7803
0.6892
0.6789
0.7023
0.693
0.6094
0.6103
0.6122
0.5014
0.6056
0.5934
0.7052
0.6047
0.6469
0.646
0.7784
0.6704
0.7484
0.6207
0.5934
0.7624
0.6207
0.7174
0.6338
0.7399
0.6742
0.8075
0.7146
0.7746
0.6676
0.6629
0.7446
0.693
0.8
0.708
0.7718
0.707
0.7793
0.7155
0.6845
0.7005
0.661
0.7221
0.6573
0.8066
0.7164
0.8178
0.708
0.8516
0.785
0.7277
0.7812
0.7681
0.877
0.8169
0.8836
0.8366
1.0254
0.8742
1.0648
0.9023
0.7934
1.0103
0.9577
1.0883
1.0573
1.2404
1.1089
1.2798
1.2451
1.1944
1.5014
1.446
1.7671
1.7437
2.1033
2.1455
2.6376
2.6836
3.23
3.1746
3.2498
3.8995
4.0892
4.8423
5.1784
6.1324
6.5671
7.6939
8.2798
9.9352
10.7484
11.5756
13.4479
14.3192
16.4188
17.5164
19.7906
21.0554
23.862
25.2423
26.7155
30.3268
32.2817
36.5371
39.1549
43.692
44.3258
44.1502
43.9371
43.3577
42.9174
42.339
40.9343
40.0244
37.6009
36.1803
33.1718
31.63
28.2047
26.3324
22.6188
21.0235
19.7953
17.9352
17.1418
15.816
15.1746
14.0704
13.5174
12.6592
12.2178
11.816
10.9869
10.6047
9.8685
9.4901
8.7239
8.3718
7.7033
7.3991
6.7258
6.4376
6.1324
5.5221
5.2272
4.5784
4.3239
3.7249
3.569
3.1211
2.9531
2.5286
2.4601
2.3521
1.9568
1.8507
1.5728
1.4826
1.1305
1.1146
0.954
0.8601
0.9136
0.6826
0.8169
0.7174
0.7934
0.7803
0.8103
0.7371
0.7634
0.6817
0.7484
0.9005
0.7709
0.8695
0.8019
0.8967
0.8075
0.7972
0.6704
0.7587
0.6995
0.7089
0.7925
0.7192
0.8103
0.7286
0.8141
0.7587
0.7258
0.6638
0.7596
0.7343
0.6207
0.7352
0.677
0.6629
0.6188
0.6911
0.6366
0.6197
0.5624
0.6347
0.6526
0.6113
0.6986
0.6413
0.6178
0.5756
0.63
0.6376
0.5653
0.5803
0.7061
0.6761
0.5934
0.6235
0.5681
0.5737
0.57
0.6704
0.6272
0.584
0.7117
0.5718
0.6423
0.5746
0.7014
0.6573
0.6695
0.4892
0.5681
0.6272
0.5277
0.57
0.6404
0.5549
0.6131
0.6507
0.5343
0.5108
0.493
0.5437
0.5465
0.5418
0.6131
0.5831
0.5324
0.5531
0.6009
0.6207
0.5624
0.5183
0.5709
0.5803
0.5202
0.5286
0.5596
0.4854
0.5296
0.5333
0.5709
0.5117
0.4911
0.5746
0.57
0.5869
0.6338
0.6873
0.6169
0.7033
0.7221
0.8892
0.9502
0.9897
1.1164
1.1427
1.2854
1.3624
1.677
1.7878
2.0695
2.2516
2.6103
2.7634
2.9352
3.4394
3.6714
4.2282
4.4066
4.969
5.3502
6.1089
6.4404
7.2667
7.8366
8.2986
9.3577
10.0836
11.7653
12.8009
16.2854
18.985
23.7005
25.5634
28.8122
30.0883
30.9493
32.1765
32.7117
32.9831
32.7831
31.8272
31.1305
30.0169
29.9211
31.0319
33.5859
34.8366
36.9399
37.7399
38.6714
38.8498
38.2695
37.4423
34.508
32.3793
29.5437
23.3521
20.1484
13.785
11.3174
7.6704
6.6075
5.0432
4.492
3.5033
3.0592
2.7343
1.8526
1.7559
1.5052
1.507
1.1333
1.2695
1.0357
1.1183
1.2864
1.0573
1.1624
0.9878
1.1577
1.0216
1.0376
0.9211
0.9972
0.9033
1.0113
1.1164
0.9784
0.9859
0.8554
1.0329
0.8751
0.9183
0.7671
0.8629
0.862
0.8657
0.9991
0.815
0.9775
0.8582
0.9268
0.9174
0.8131
0.7042
0.7183
0.7127
0.7099
0.8836
0.7221
0.7962
0.7577
0.831
0.8714
0.8516
0.7793
0.9089
0.8563
0.8901
0.9474
0.9577
0.9183
0.8676
0.9192
0.8911
0.8986
0.8347
0.9427
0.9493
0.9108
0.9521
0.9493
0.8526
0.8535
0.9709
0.8986
0.8423
0.8066
0.8291
0.8338
0.8667
0.954
0.8254
0.8291
0.8967
0.8695
0.9089
0.9239
1.0423
1.0094
0.8798
0.8113
0.9906
0.9756
0.9746
0.908
1.0244
0.9099
0.8836
1.0479
1.0808
1.0836
0.9765
1.0977
1.1343
1.0573
0.9474
1.0808
1.1746
1.1192
1.2188
1.0545
0.954
1
1.1164
1.1277
1.0667
1.0864
1.2789
1.1474
1.1155
1.2075
1.2131
1.0695
1.0873
1.2413
1.2423
1.2488
1.1587
1.2178
1.0742
1.1249
1.2667
1.2808
1.1155
1.1474
1.2469
1.2103
1.0319
1.1953
1.2047
1.1991
1.0723
1.3437
1.2685
1.2329
1.0648
1.3061
1.2714
1.1371
1.2479
1.338
1.2272
1.0948
1.2554
1.1202
1.1305
1.1577
1.3596
1.2197
1.1239
1.385
1.3653
1.0629
1.092
1.2911
1.1634
1.1155
1.0601
1.2648
1.1615
1.092
1.2685
1.2723
1.0808
1.0779
1.2047
1.2751
1.0901
1.0798
1.246
1.1192
1.1587
1.3117
1.1624
1.2385
0.877
1.1117
1.154
1.1146
0.9887
1.1221
1.0488
1.0254
1.1296
1.1061
0.9793
1.0789
1.3587
1.385
1.216
1.2648
1.2638
1.292
1.1005
1.3174
1.385
1.3099
1.1174
1.4366
1.43
1.2056
1.3606
1.3906
1.3831
1.493
1.5239
1.6347
1.6751
1.6385
1.7803
1.5521
1.3606
1.7127
1.7446
1.6272
1.3418
1.5765
1.6056
1.4704
1.5662
1.7117
1.5643
1.338
1.3643
1.2883
