0
0.0245
0.0245
0.0301
0.0791
0.0979
0.1102
0.0612
0.0245
0.1469
0.1714
0.049
0.049
0.0245
0.0245
0
0.0245
0.0734
0.049
0.0612
0.1083
0.049
0.0245
0.0979
0.0734
0
0.0245
0.0979
0.0979
0.0245
0.0546
0.0791
0.0546
0.0612
0.0857
0.0734
0.049
0.1036
0.2015
0.2815
0.1714
0.0245
0.1714
0.1469
0.0734
0.1714
0.2326
0.1224
0
0.0245
0.0857
0.0612
0.1591
0.1469
0.049
0.0734
0.1469
0.1714
0.0979
0.049
0.049
0.1337
0.1328
0.1704
0.1224
0.0734
0.0612
0.1591
0.1469
0.049
0.0979
0.1469
0.049
0
0.049
0.2119
0.1751
0.1714
0.2693
0.1224
0.0245
0.1102
0.1836
0.0734
0.0979
0.2203
0.2081
0.1158
0.1648
0.3672
0.3917
0.1714
0.0979
0.1959
0.0979
0.1224
0.3672
0.404
0.1591
0.2571
0.4652
0.3917
0.2081
0.2448
0.3672
0.1224
0.2524
0.2938
0.2326
0.1836
0.3427
0.5744
0.5141
0.2938
0.5264
0.5075
0.2994
0.355
0.5876
0.6243
0.3917
0.2815
0.6121
0.7834
0.5508
0.8202
0.6977
0.4529
0.5141
0.9548
0.6977
0.2693
0.6121
1.1262
1.1139
0.6488
1.0895
0.9058
0.3917
0.4162
0.9303
1.0772
0.6121
0.5264
1.1996
0.8569
0.5998
1.0405
0.7825
0.2928
0.4284
1.0772
1.1139
0.4642
0.6855
1.2119
0.6855
0.7957
1.4689
1.2608
0.5876
0.8202
1.1262
1.0038
0.661
0.5998
1.0405
0.5264
0.8814
1.7015
1.5669
0.7467
0.6959
1.0518
0.9774
0.6102
1.2354
1.4501
0.9115
1.0753
1.5772
1.5038
0.8804
0.9539
1.6036
1.4011
0.7335
1.8173
1.92
0.952
1.0763
1.8456
1.7618
1.0405
1.2731
1.9831
1.7467
1.1497
1.9322
1.9831
1.146
0.9906
2.0913
2.242
1.2552
1.4765
2.1911
1.194
1.1949
2.2712
2.4209
1.419
1.5772
2.0603
2.0508
1.5612
1.4171
2.5056
1.677
1.1262
2.2505
2.4642
1.3814
1.8211
2.7448
2.5292
1.6337
2.0311
2.7966
1.4934
1.8927
2.919
2.9689
1.9247
2.0424
2.9557
3.0866
2.2401
3.1243
2.9124
1.4887
1.4369
2.6987
2.8682
1.467
1.8098
2.6412
2.6497
1.7448
2.4689
2.6638
1.8399
1.5311
2.7947
3.2524
2.1798
1.9821
2.8192
2.822
1.8851
2.8559
2.8927
1.7034
2.0556
3.0443
2.8173
1.6968
2.0358
3.1243
2.1347
2.1695
3.0772
3.0405
2.0339
2.226
3.2006
3.5951
2.8032
2.3625
3.4944
2.5038
2.4736
3.5132
3.5537
2.6008
2.5217
3.6497
3.5584
2.3701
3.0772
3.7872
2.6441
2.6271
4.0009
3.9049
2.9887
2.8267
3.6139
3.5669
2.7702
4.0687
4.2128
3.0499
2.9501
3.9322
3.9652
3.1243
3.0386
3.9171
3.7768
2.9906
3.8653
3.7298
2.8249
3.4087
4.1968
4.2072
3.1516
3.1911
3.9275
4.0198
3.2128
3.9492
3.904
3.3277
3.1968
3.9407
4.08
3.2382
2.9981
3.9896
3.2589
3.0367
3.9925
4.081
3.4492
3.2429
4.0612
4.2702
3.5603
3.2881
4.1186
3.2891
3.145
3.952
4.0744
3.3804
3.1667
4.0254
3.8578
3.2194
3.1412
4.0876
3.6158
3.2533
4.1243
4.1817
3.2731
3.1959
3.9557
3.9944
3.1478
3.92
3.9708
3.2382
3.3286
4.0188
4.0603
3.291
3.3569
3.8983
3.9444
3.1902
3.8625
3.8079
3.178
3.3522
4.1158
4.0763
3.2787
3.5264
4.1864
4.0405
3.3277
4.0556
3.9878
3.4181
3.5235
3.9595
3.8032
3.1817
3.1196
3.9058
3.1657
3.2467
3.9463
4.0621
3.532
3.4454
4.1817
4.1676
3.2731
3.5979
4.2976
3.4755
3.3691
4.1911
4.2618
3.4802
3.1083
3.8691
4.0866
3.2326
3.4614
4.2307
3.3314
3.2006
4.0019
3.8936
3.1083
3.2806
3.9991
3.8889
3.2006
4.0226
4.1544
3.3823
3.2147
4.0782
4.1535
3.4341
3.2156
3.9925
4.0885
3.322
3.9906
4.0631
3.4539
3.0085
4.1638
4.2589
3.2203
3.1347
4.1224
4.1507
3.3267
4.0414
4.1394
3.4021
3.5019
4.1224
3.8183
3.0942
3.4567
4.2185
3.2006
3.2298
4.387
4.3154
3.3823
3.193
4.065
4.1629
3.2232
3.5603
4.2947
3.3559
2.8013
3.8559
4.338
3.6337
3.4605
4.4369
4.2062
3.2881
3.0537
3.9388
3.1798
3.2693
4.0217
4.193
3.3974
3.3625
4.0706
3.9237
3.1516
4.1055
4.3757
3.7467
3.7392
4.3889
4.3917
3.5405
3.7524
4.2599
3.9708
3.0979
4.1488
4.4369
3.6836
3.3842
4.0066
3.806
2.9313
3.4783
4.1234
4.29
3.4915
4.2514
4.2486
3.5584
3.7185
4.3814
4.3013
3.7156
3.58
4.2363
3.403
3.5546
4.1563
4.2863
3.58
3.871
4.4652
4.4303
3.8409
3.775
4.3484
3.4849
3.371
4.1808
4.306
3.7156
3.2872
4.1102
4.1789
3.339
3.7599
4.2655
3.4463
3.3258
3.8964
4.1554
3.9002
3.6168
4.1836
4.1921
3.6036
4.0744
4.2222
3.9077
3.4699
4.1139
4.2957
3.581
3.791
4.2514
4.0725
3.3785
3.9388
3.9058
3.3211
3.5075
4.0876
4.0461
3.339
3.3437
4.0716
4.0847
3.2665
4.0094
4.0424
3.4548
3.436
4.0414
4.097
3.404
3.194
3.7966
3.2147
3.5725
4.0009
3.7599
3.1723
3.0782
3.6893
3.6356
2.9934
3.1657
3.5998
2.9322
3.097
3.613
3.791
3.4171
3.0923
3.6271
3.8117
3.3098
3.0367
3.709
3.0763
2.8192
3.549
3.7458
3.4388
3.0273
3.5254
3.4859
2.9068
3.5301
3.5339
2.9736
2.9605
3.6375
3.6441
3.0979
3.1591
3.6412
3.758
3.2137
3.6686
3.5235
2.903
3.0132
3.6356
3.6281
3.0669
3.0226
3.5678
3.7156
3.2589
3.5687
3.4256
3.0188
3.2081
3.581
3.629
3.0348
3.016
3.4765
3.1384
3.1205
3.5066
3.6055
3.193
3.2467
3.6055
3.5791
3.323
3.1601
3.7006
3.291
3.0895
3.6356
3.6667
3.3173
3.1648
3.596
3.5772
3.1394
2.8362
3.3352
3.0744
2.9011
3.2938
3.3597
2.9134
2.9953
3.4077
3.4473
2.9002
3.2778
3.2947
2.8173
3.1469
3.3409
3.338
2.8512
3.1441
3.5367
3.5066
3.1591
3.5395
3.5358
3.145
2.9124
3.2524
3.3211
2.8559
2.8644
3.1375
3.0678
2.6789
3.0838
3.2043
2.7298
3.0791
3.4284
3.4444
3.0782
3.0895
3.4143
2.9699
3.0923
3.5217
3.6573
3.2806
3.5019
3.7279
3.7514
3.3644
3.4153
3.7194
3.3296
3.4435
3.791
3.935
3.6177
3.6271
3.9878
4.2947
4.0612
4.2599
4.4623
4.0019
4.0998
4.1996
4.3362
4.0621
4.1648
4.2957
4.3399
3.8738
4.1205
4.1111
3.5951
3.5857
3.7589
3.8418
3.419
3.3823
3.4906
3.5556
3.081
3.2175
3.4011
3.0989
3.1431
3.2232
3.5546
3.3032
3.4831
3.7015
3.9595
3.5979
3.6234
3.8597
3.4953
3.7589
3.9011
4.2514
3.9849
4.2476
4.3625
4.048
4.1855
4.2608
4.6751
4.4444
4.7203
4.8362
5.3446
5.0725
6.2053
6.6544
6.6977
8.6949
10.354
14.5217
15.8315
21.5122
23.8795
29.3249
30.8832
32.3861
31.5838
31.4444
31.5367
30.9416
28.8992
27.3314
23.4708
21.1205
15.9068
12.9444
12.5
12.7382
13.4209
16.8314
19.1855
24.0782
26.5245
30.8324
31.6394
32.5264
32.565
32.0113
30.3672
29.2298
25.4294
23.194
18.2495
15.2759
10.0612
9.0537
7.2128
6.3785
6.1422
5.4859
5.016
4.6902
4.7354
4.7844
4.6365
4.8823
5.2354
5.0866
5.0358
4.9859
5.4793
5.3079
6.1412
6.5169
7.8635
8.3004
11.2429
13.3371
15.1092
21.1328
24.3691
30.7797
33.6168
39.1676
40.5104
42.0499
42.3277
41.9322
40.8879
39.3315
34.7834
31.7552
24.9426
21.096
14.3202
12.71
10.1893
9.226
9.0038
8.8729
8.9153
9.403
10.0508
10.8795
11.0546
10.8089
10.6158
10.016
9.5659
8.9275
7.6337
6.8606
5.4576
4.9294
4.0546
3.581
3.3889
3.3286
3.3427
3.3107
3.4322
3.7947
3.8512
4.2994
4.2561
4.6648
4.5301
4.7533
4.8889
4.8983
5.6968
5.7665
6.4821
6.2354
7.4736
7.5725
8.6902
8.549
9.3098
9.0358
9.0038
9.2806
9.0395
8.7401
8.2599
7.564
7.0537
6.7439
6.645
7.1092
7.5443
7.8409
8.9793
9.6158
10.9896
11.6676
13.484
14.3672
15.6008
16.0951
16.5706
17.4821
17.8889
18.839
19.258
20.0669
20.3757
20.9539
21.1394
21.4237
21.5311
21.5829
21.6968
21.7401
21.6375
21.5047
21.5631
21.6365
21.6704
21.6205
21.5725
21.5254
21.4087
21.2712
21.1686
20.9699
20.7655
20.4124
20.2797
19.8936
19.6186
19.5697
19.3098
19.1121
18.8493
18.8079
18.4388
18.1262
17.8616
17.8475
17.8154
17.742
17.8992
18.1441
18.1535
18.4171
18.5744
18.79
18.8362
18.9068
18.9068
18.9379
18.8804
18.8324
18.581
18.3766
17.951
17.8324
17.3484
16.9718
16.6883
16.6252
16.2985
15.935
15.8512
15.3079
14.9369
13.7222
12.9209
11.1177
10.339
9.4379
