6.6667
6.6667
6.6667
6.6667
6.6667
6.6667
6.6667
6.6667
6.6667
6.6667
6.6667
6.6667
6.6667
6.6667
6.6667
6.6667
6.6667
6.6667
6.7879
6.6667
6.6667
6.6667
6.6667
6.6667
6.6667
6.6667
6.6667
6.7273
6.6667
6.6667
6.6667
6.6667
6.6667
6.6667
6.9091
6.9091
6.6667
6.6667
6.6667
6.6667
6.6667
6.7273
6.7273
6.6667
6.6667
6.6667
6.8485
6.7273
6.6667
6.7273
6.8485
6.7273
6.6667
6.6667
6.6667
6.7273
6.9091
6.6667
6.7273
6.7273
6.7273
6.7273
6.6667
6.6667
6.6667
6.7273
6.7879
6.7273
6.6667
6.6667
6.6667
6.6667
6.7879
6.6667
6.6667
6.7273
6.7879
6.6667
6.6667
6.6667
6.6667
6.7879
6.6667
6.6667
6.6667
6.6667
6.7879
6.6667
6.6667
6.7879
6.7879
6.7273
6.7879
6.6667
6.7879
6.6667
6.7879
6.7879
6.7879
6.6667
6.6667
6.6667
6.9697
6.8485
6.7273
6.6667
6.6667
6.8485
6.7879
6.6667
6.6667
6.7273
6.8485
6.9091
6.9091
6.7879
6.9091
6.9697
6.6667
6.7273
6.7879
6.7879
6.7273
6.9091
6.7273
6.7879
6.9091
6.8485
6.8485
7.0303
6.8485
7.0303
6.9091
6.7273
6.8485
6.7273
7.0303
6.7273
6.8485
6.8485
7.0909
6.8485
7.1515
7.2727
7.2727
7.0303
7.0909
6.7273
7.2727
6.9697
7.0303
6.9697
6.9091
6.9091
6.9091
6.9697
6.7879
6.9697
7.0303
7.2121
6.8485
6.7879
6.9697
7.1515
7.2727
7.0303
6.9697
6.9091
6.9091
7.1515
7.3939
6.9697
6.9697
7.0909
7.2727
7.3333
7.2727
6.9697
7.3333
7.3939
7.3333
7.0909
6.9697
7.2121
7.2121
7.4545
7.3333
7.1515
7.1515
7.3333
7.3939
7.3333
7.3939
7.2727
7.1515
7.5758
7.2727
7.5152
7.3333
7.3939
7.7576
7.7576
7.5152
7.697
7.5152
7.5758
7.4545
7.697
7.697
7.4545
7.697
7.4545
7.4545
7.5152
7.4545
7.5152
7.697
7.697
7.8182
8.0455
7.6364
7.3939
7.5758
7.4545
7.6364
7.3939
7.7576
7.6364
7.2727
7.5152
7.8788
7.3939
7.9697
7.6667
7.5758
7.3333
7.3788
7.0758
7.5909
7.5
7.0909
7.0909
7.2121
7.0758
7.3333
7.3939
7.3333
7.1818
7.2121
7.4848
7.7273
7.3636
7.0303
6.8939
7.197
7.2424
7.4394
6.9091
7.0758
7.1667
7
7.6061
7.5
6.9545
7.1515
6.6515
7.0303
6.7727
6.803
6.803
6.8333
7.2576
6.7727
7.5758
8.0909
7.6061
6.8333
6.8788
6.8333
6.8182
7.303
7.2273
7.1515
7.1515
7.4394
7.9697
7.7121
6.5303
7.4091
7.2727
7.803
7.3333
7.5152
7.4242
7.6515
7.4545
7.7424
8.2727
8.5
8.1061
8.6515
8.9091
9.3333
9.3182
10.2879
10.0606
9.9242
10.1515
11.7273
12.8333
12.7576
13.1818
14.2576
14.8333
15.8939
15.8333
16.8182
17.1818
17.4697
17.1212
18.0152
18.9545
19.4091
17.9242
18.6212
18.3788
19.0909
18.803
18.3485
19.2727
19.5455
20.1061
19.9697
19.8485
19.5606
19.6667
20.7879
21.2576
21.303
21.1818
21.4848
20.5455
19.9545
19.6212
20.197
20.8939
20.4091
19.7576
20.2576
19.9545
20.3182
19.8485
18.7424
18.7121
18.5152
18.3788
16.697
17.3182
17.5606
16.2576
15.0303
15.2424
15.5
15.0606
14.6061
14.9697
14.9545
14.303
14.3939
14.0303
13.197
13.6212
13.3788
12.7576
13.0758
12.8182
11.7576
11.2273
11.9394
11.8485
11.8636
11.8485
10.4848
11.0303
11.8182
11.1515
10.7424
9.7879
9.9848
9.3788
9.6212
9.9242
9.7576
9.2576
8.8182
8.7879
9.8182
9.6364
8.8939
9
9.3333
9.3485
9.3788
9.8939
9.2273
9.0758
8.2273
9.5303
9.4242
8.9394
8.7879
8.6212
8.6364
9.2424
9.7727
9.8636
9.1667
8.6667
8.5455
9.0455
9.4545
9.9091
9.3485
9.2879
8.8788
9.8485
9.4848
10.2273
10.0303
9.6515
9.6364
10.5455
10.9697
11.803
11.4091
12.6667
11.9091
13.4848
14.1515
14.8939
14.7273
16.303
16.7273
18.0758
19.1212
20.4697
20.197
21.7121
23.7879
24.6818
25.1818
25.197
25.5
25.6364
26.2727
26.9697
27.5606
27.5152
27.4242
28.4545
28.8636
28.5455
28.6818
28.303
28.4242
29.7576
29.8636
29.8636
29.9848
29.9242
29.9848
30.2879
30.7879
30.7424
30.2424
30.1061
30.2121
29.9394
30.1212
29.9848
29.1364
28.9091
28.9394
28.7121
28.7273
28.4242
27.697
26.9242
25.3939
24.6818
24.2727
23.7879
22.7273
22.1515
22.6212
22.3636
21.1364
20.7121
19.0606
18.5606
17.7424
18.7273
18.3485
17.9242
17.3182
16.6364
16.2424
16.1515
15.8333
15.6212
14.8333
14.5606
13.1364
13.7879
13.3636
12.8788
12.0758
10.6515
10.697
11.5152
11.5606
11.4697
9.5455
9.8939
9.9242
9.9848
9.9242
9.9394
9.3333
9.4242
7.9848
8.9848
8.7424
8.8939
8.9091
8.6667
9.0606
9.5303
8.7879
7.5758
8.2727
7.2576
8.3636
8.4242
7.8333
7.1364
7.4697
7.0606
8.3485
8.6667
8.2576
7.6818
7.3939
7.303
7.8485
7.1364
7.4394
7.5303
7.303
7.4091
8.6515
8.1818
8.5455
8.6515
7.2879
6.9394
8.3939
9
7.9545
7.9242
7.8485
7.0606
7.4091
8.1212
8.6667
8.3939
7.7273
6.9848
7.4091
7.2273
7.0909
7.197
7.4242
8
7.8636
7.6515
7.2727
7.2424
7.3636
8.2727
8.7273
8.1667
7.4545
7.6667
7.6818
8.3182
8.4697
7.6515
7.7273
7.5152
7.6818
7.7273
7.5152
7.2727
7.3333
7.6364
7.8333
8.4545
8.4848
7.697
7.697
7.2121
7.4545
7.3939
7.9091
8.2727
8.1212
7.7727
7.6364
7.5152
7.5758
7.6364
7.6364
7.4545
7.8333
8.0909
7.7576
7.697
7.5152
7.5758
7.8182
7.5152
7.5152
7.4545
7.7879
7.5152
7.8788
7.8182
7.5152
7.5758
7.5758
7.4545
7.5758
7.697
7.6364
7.7576
7.4545
7.5152
7.697
7.6364
7.5152
7.3939
7.2727
7.3333
7.8182
7.3939
7.4545
7.3939
7.5152
7.2121
7.6364
7.5152
7.4545
7.3939
7.2121
7.5758
7.6364
7.4545
7.3939
7.5758
7.5758
7.6364
7.3939
7.6364
7.6061
7.2121
7.2121
6.9091
7.0909
7.3939
7.0303
6.9697
6.9697
6.8485
7.0909
7.1515
7.0909
7.2121
7.0909
6.9697
7.0909
7.1515
6.7879
6.7879
6.8485
7.0303
6.8485
6.9697
7.1515
6.8485
6.8485
7.2121
6.7273
6.9091
6.9091
7.0909
6.8485
7.0303
6.6667
6.9091
6.9697
6.8485
7.0909
6.8485
6.8485
7.2727
7.1515
6.9697
7.0909
6.7879
6.7879
6.9697
7.2424
6.9091
6.7273
7.1515
6.7879
6.9091
6.7273
6.9091
7.0909
7.0303
7.0909
7.0909
6.7273
6.7273
6.9091
7.0303
7.0303
7.0303
6.8485
6.7273
6.6667
6.7273
6.7273
6.7879
6.7273
6.6667
6.6667
6.7879
6.7273
6.9697
6.8485
6.7273
6.7273
6.7879
6.7879
6.7273
6.8485
6.7273
6.8485
6.6667
6.6667
6.6667
6.8485
6.7879
6.8485
6.7879
6.7273
6.7273
6.6667
6.6667
6.7879
6.6667
6.6667
6.6667
6.6667
6.7273
6.8485
6.6667
6.6667
6.6667
6.6667
6.6667
6.6667
6.7273
6.6667
6.6667
6.6667
6.6667
6.7273
6.6667
6.6667
6.7273
6.7273
6.6667
6.7273
6.7273
6.6667
6.6667
6.6667
6.6667
6.6667
6.6667
6.6667
6.6667
6.6667
6.6667
6.6667
6.7273
