1.2222
1.0812
1.4658
1.7821
1.5085
1.2991
1.1581
1.188
1.3248
1.1368
1.1795
1.1496
1.3034
1.4573
1.3034
1.2607
1.094
1.359
1.4274
1.3419
1.3248
1.1581
1.1795
1.188
1.265
1.4744
1.406
1.5
1.3761
1.2991
1.3846
1.4274
1.5556
1.4145
1.3761
1.2906
1.1239
1.141
1.312
1.2778
1.2179
1.2265
1.2094
1.0556
1.1026
1.3291
0.9872
0.8462
1.0256
1.0214
1.0598
0.9103
0.9316
1.0214
0.859
0.8419
1.1453
1.0385
1.1026
0.8376
0.9188
1.0299
1.1838
0.9957
0.8761
0.7692
1.0641
1.047
0.9957
0.9274
1.0855
1.1154
1.1325
1.1111
1.0726
1.047
0.906
1.1368
1.0769
0.9188
0.8462
0.7308
0.7094
0.7949
0.9188
0.8291
0.7821
0.594
0.8803
0.7137
0.8162
0.8632
0.7308
0.5897
0.8632
0.9145
1.0256
1.0256
0.7991
0.953
0.9145
0.7479
0.7607
0.8889
0.8376
1.094
1.2821
0.9573
1.2821
1.5385
1.2009
1.3376
1.8718
1.8333
2.453
2.7479
2.1496
2.7564
2.9872
2.2179
2.5299
3.3761
3.8291
6.1966
8.9103
10.1538
13.0983
16
17.5342
20.3974
23.4615
25.1496
28.4786
30.3291
30.8077
31.5171
31.6795
31.6538
32.5085
33.4188
33.9231
33.1026
33.0684
32.4273
31.0128
30.4145
29.3248
26.9615
25.765
25.3889
25.2137
24.7991
23.8034
22.547
21.6197
20.5897
19.8077
19.4615
18.8333
17.9487
17.5214
16.9786
16.0598
15.7607
14.9957
14.3504
13.5769
12.6795
12.5983
12.5299
11.8974
11.2906
11.1795
11.3162
11.1282
10.7991
10.047
9.4274
9.2991
8.906
8.7265
8.1111
7.2051
6.8376
6.2009
6.0983
5.9872
6.3462
6.3162
6.2051
5.5983
4.8162
4.4915
3.7735
3.1795
2.8803
2.0769
1.5427
1.5513
1.5513
1.5598
1.6624
1.4701
1.2265
1.4444
1.2137
0.9915
1.1538
1.0897
1.0256
1.2436
0.9872
0.6538
0.8846
0.7778
0.7137
0.8462
0.8718
0.8419
0.9658
0.8462
0.7222
0.8205
0.7521
0.9188
0.7692
0.7564
0.9402
0.8932
0.7821
0.9573
0.765
0.7821
0.7735
0.8034
0.6581
0.906
0.7479
0.7308
0.8205
0.7778
0.7778
0.8162
0.5897
0.5769
0.6282
0.7607
0.6838
0.8419
0.7479
0.7607
0.812
0.7436
0.6239
0.7393
0.8846
0.9402
1.0128
0.7607
0.6496
0.8333
0.7735
0.8419
0.6838
0.6538
0.594
0.6624
0.6111
0.6838
0.5043
0.6453
0.7308
0.7906
0.6197
0.7393
0.6624
0.8248
1.141
0.8162
0.6239
0.6966
0.688
0.735
1.0299
0.9103
0.8846
1.0085
1.0043
0.7479
1.0214
1.0556
1
0.8462
0.9786
1.0726
1.1795
1.0171
1.0641
1
0.8846
0.8291
1.0427
0.8034
1.141
0.9915
1.0171
0.9103
1.0556
0.9701
0.7863
0.9402
1.1838
1.0256
1.1154
0.9658
0.8333
0.8803
1.1795
1.0769
1.0385
1.1667
1.0598
1.2265
1.1667
1.0513
0.9701
1.3034
1.1496
1.2692
1.4744
1.3632
1.3846
1.6624
1.2094
1.3632
1.6709
1.5983
2.2179
2.9615
3.4402
4.6838
5.8291
6.2393
7.2778
8.1709
8.7564
10.1667
11.9744
12.7222
14.5769
16.8846
18.4274
23.4231
27.2521
42.7009
52.1966
49.4487
44.4188
32.9231
27.4744
25.1496
24.6154
24.8248
25.1838
25.7009
25.8974
27.641
35.0299
44.3932
59.8761
67.6282
69.4487
63.6709
45.8846
38.2991
29.2521
25.9915
24.6496
22.547
21.0855
20.2692
19.0342
17.8462
17.1496
16.1154
15.1667
14.8504
13.8675
13.0726
12.5684
11.6581
10.8248
10.6026
9.812
8.8932
8.453
7.6624
7.2949
6.7778
6.1838
5.7393
5.0726
4.7991
4.3162
3.9744
3.2308
3
2.6325
2.0812
1.859
1.7179
1.2051
1.3889
1.1838
1.3632
1.5513
1.359
1.2137
1.3547
1.2009
1.1752
1.3462
1.1709
1.0043
1.1709
1.1624
1.1752
1.1624
1.0299
1.1111
1.3547
1.1154
1.2222
1.2521
1.1325
1.3205
1.5043
1.6795
1.3974
1.3846
1.188
1.3974
1.1838
1.4145
1.3932
1.2393
1.2009
1.3889
1.4487
1.3632
1.2821
1.2051
1.0256
1.0684
1.2778
0.9573
1.0726
0.9658
1.2906
1.5427
1.4188
1.6282
1.4744
1.188
1.4573
1.765
1.5
1.4017
1.3376
1.4274
0.8034
1.1368
1.5983
1.265
1.1624
1.0342
0.9487
1.3504
1.2222
1.0385
0.9615
1.3162
1.3547
1.5342
1.359
1.1282
1.1197
1.4872
1.3504
1.1282
1.406
1.3376
1.4615
1.5171
1.3462
