6.6667
6.6667
6.6667
6.6667
7.4667
7.7333
6.9333
6.6667
6.6667
6.6667
6.6667
7.2
7.2
6.6667
6.6667
7.2
7.4667
6.9333
6.6667
6.6667
6.6667
6.6667
6.6667
6.6667
6.6667
6.9333
6.9333
6.6667
6.6667
7.2667
7.2667
6.6667
6.9333
7.2
6.9333
7.2
7.2
6.9333
6.9333
7.2
7.2
7.4667
6.9333
6.6667
6.6667
6.8
6.8
7.2667
7.4667
7.6
6.9333
7.2
7.2
7.4667
7.4667
6.6667
6.6667
6.6667
7.6
7.7333
7.2
6.9333
6.9333
6.9333
8.2667
8
6.6667
7.4667
7.3333
6.6667
7.4667
7.4667
7.7333
7.7333
8
8.1333
7.8667
7.2
6.9333
8
8.7
8.5333
8.5333
7.8
7.8667
7.4667
8.4
8.7333
8.3
7.4667
7.7333
7.3333
8.2
8.6667
8.1333
8.0667
8
8.1333
8.6667
8.7333
9.4667
9.2333
9.1333
9.3333
8.9333
8.8
9.1333
9.0667
8.9333
9.6
10.5333
11.3
10.6
9.9
10.9
11.4
11.4
11.3667
10.4333
10.2
10.4
10.6333
11.4667
11.7667
10.9
11.9667
12.0333
11.8667
12.0667
11.8
12.4667
12.9333
12.8
12.8
13.1
13.4
13.0667
13.3667
13.3333
14.2333
14.3
14.6
14.2667
14.2
14.5333
14.7333
15.5667
16.2333
16.7
16.6333
17.5
17.4333
17.5333
17.9667
20.0333
19.2333
19.7667
20.3667
21.5333
22.0333
22.0333
22.5333
23.2
24.3667
24.8
25.3
26.3333
28.1
28.4333
29.0333
31.0333
32.1667
34.0667
35.3667
36.3667
37.9667
40.0667
41.8
47.2
54.7333
61.8333
67.1667
56.3
50.4333
46.6
45.1
43.5667
41.9333
40.4667
40.7
39.7667
39.0333
39.2
40.1667
41.4
41.7333
42.1333
42
43.4333
45.8
47.7333
53.2333
77.3
73.7333
55.1
47.8333
46.4
42.3667
41.1667
39.6
37.9
36.7333
36.7667
36.0667
35.3333
34.8
34.2667
35.1
35.0333
34.3
34.2
33.9667
33.6333
32.6333
33.1
33.8667
33.6667
32.9333
33.0333
33.4
33.4667
33.2333
34.1667
34.3333
35.5667
35.2
35.0667
35.9
35.8
37
38.9667
40.7667
41.4333
45.3667
46.3333
49.6
54.5
59.5
90.7
96.7
96.1333
70.4667
52.3667
48.7333
46.0333
44.5
43.5
41.5667
40.5667
39.6667
38.2
36.2
36.4667
36.6
36.4
36.0333
36.0667
35.8667
36.3333
39.8
45.9667
46.8667
46.5
51.3333
44.5
34.6333
32.1
31.7333
31.0333
30.2
29.3667
28.4667
27.8333
27.6667
27.5667
27.7333
28
26.4
26.3
26.6
26.9333
26.3333
26.2667
25.5667
25.9333
25.9667
26.9
27.2667
26.5333
26.9667
28.1333
28.4333
27.9
27.6667
29.5
29.1
30.0667
32.4333
39.6
40.5333
42.4
45.3333
44.3
47.2333
51.4
49.8333
43.5
35.6333
33.5
32.2
32.7
32.3667
32.1667
32.2667
32.4667
32.5667
32.9667
33.8667
33.7667
34.1667
35.3
35.8333
35.8
36.9333
38.5667
38.5
40.5333
42.0667
44.2333
53.3333
57.2667
57.8333
62.9667
67.2667
68.5
67.9333
71.2667
75.4333
78.7333
72.8667
72.5
65.6
53.3667
51.1333
58.4667
65.3667
63.9333
67.8
71.4667
75.0333
79.5333
76.5667
76.7667
82.4333
90.1667
87.0667
82.3667
79.5
75.1
56.6667
49.4333
44.4667
42.1
41.9
41.4333
42.8667
42.4333
42.1667
41.9333
42.2
41.9667
43.5333
43.8
44.0667
47
47.4333
50.6667
61.8
66.0667
67.0667
70.9667
70.0667
72.6
78.9333
84.6333
87.6
85.3
84.6667
87.9667
98.8333
97.1
94.1
88.7667
90.3333
86.2
84.6667
74.3333
55.0333
51.2
52.3667
52.4333
51.0667
50.8333
49.6667
49.8333
55.7
53.5333
51.9667
49.5
48.5333
48.2667
48.2333
41.4333
37.1333
31.0667
28.5667
27.2333
28.2
27.5
28.1
28.6667
27.6333
26.0667
25.3333
27.2333
26.4
27.0667
27.4333
25.9667
27.9333
28.3
29.2667
30.2
29.0667
29.1333
30.5667
31.8
31.8667
33.5333
35.5333
34.5667
33.5
35.2
35.0333
35.4333
35.7333
38.7
37.6
36.0333
34.7333
34.0333
33.8333
34.3667
34.4333
34
34.6667
28.8333
26.1333
25.4333
24.2333
25.2333
25.4
27.7
29.3667
30.5667
32.6
33
32.9
33.9333
34.2333
35.6
39.0333
38.8333
39.5333
42.6
44.4333
45.5333
44.7
44.1667
44.0667
44.9667
46.4667
47.7667
51.8333
54.3667
49.7
48.6
48.6
46.5333
46.2333
45.6
46.3
46.7667
47.7333
46.8667
46.6333
36.1
31.0333
30.3333
31
30.6667
31.5333
32.4667
33.3333
33.4
34.7
35.7667
35.9333
34.8
35.0667
35.8333
39.0667
40.5333
41.3
42.7333
42.9333
43.3
43.7333
44
44.1667
45.1
45.7667
46.5333
48.9
50.8667
52.8
54.5333
50.0333
49.4667
49.3333
49.6667
51.2333
52.5333
51.8667
53.0667
56.3333
59
60
55.5667
54.1
54.5667
55.2333
55.3
53.4333
53.7
55.7333
55.4333
56.9
58.8667
58.7
57.6667
53.3667
46.2333
46.2667
46.4333
46.7
47.4
48.7667
52.8
57.4667
59.9333
63.6333
63.6333
65.2667
64.6333
64.4667
65.9333
67.5333
69.0667
70.2333
73.2667
77.3667
78.1
82.3
87.0667
90.5333
89.6333
87.6667
85.3333
85.2667
85.4333
85.3667
84
85.2333
86.4333
87.3333
88.1667
89.9667
88.6667
87.9667
89.1333
87.3
85.1667
83.2333
83.6
83.7
85.6333
83.3667
82.0333
79.3333
83.0667
82.0333
81.7667
82.8333
81.6667
83.8333
69.6333
52.6667
29.7
24.1667
23.2
24.2667
21.9
23.8667
22.6667
21.8667
21.1
20.9333
20.8333
20.5667
21.8
21.0333
19.7
20.1
20.3
20.7
18.9
18.3333
18.6333
18.4
18.7333
19.4667
21.0667
21.5667
21.0667
21.5333
21.7
22.7333
23.4667
23.4333
21.2333
24.2
24.7667
24.8667
25.0667
24.1
24.2667
24.4
25.4333
27.5667
29.2333
29.5667
30.4
32.5333
33.2
30.6
30.1
29.8
30.2
30.9333
31.9667
32.2333
31.7333
32.2333
32.7333
32.2667
33.2667
36.2667
36.6
38.9
42.1333
41.5667
39.9333
38.5667
38.6
40
37.4667
38
38.6667
38.8
38.4333
38.5667
38.8
38.7
45
45
