Gray_Value
14.646
14.417
14.361
14.444
14.528
15.021
14.847
15.736
15.778
15.271
15.736
16.174
15.535
15.097
15.521
15.167
15.215
15.59
15.604
15.951
15.458
15.111
16.25
17.215
16.514
16.111
15.972
17.021
16.347
16.91
16.931
16.444
16.528
15.861
16.521
16.826
16.944
15.833
17.16
16.493
16.903
16.701
16.868
17
16.271
16.75
17.333
17.354
17.014
16.458
17.035
16.486
16.75
16.59
17.042
16.667
17.09
17.597
18.069
18.201
18.035
17.354
17.896
17.479
18.694
18.604
18.285
18.257
18.618
18.597
19.285
19.965
20.035
19.833
19.583
19.569
19.771
20.153
19.889
20.597
20.438
20.889
21.451
21.66
20.833
21.236
21.618
22.271
22.069
23.16
22.681
23.312
23.125
23.736
24.139
23.806
23.153
24.257
24.347
25.104
25.021
24.889
24.785
25.215
26.132
26.083
26.278
27.25
27.806
27.569
27.576
28.257
28.465
29.188
29.014
29.889
30.09
30.236
30.903
31.167
31.861
32.701
32.785
33.278
34.451
34.764
35.812
36.632
37.319
38.347
39.451
40.049
41.472
43.285
43.861
44.639
45.701
46.361
47.75
49.062
49.806
51.25
52.722
53.625
55.41
57.264
58.146
60.215
62.042
62.924
65.34
67.368
68.465
70.861
73.028
74.604
76.701
79.375
80.715
82.514
83.521
86.556
90.507
92.09
93.951
97.708
99.639
101.931
105.285
108.069
114.424
117.84
120.271
126.368
131.597
135.438
150.389
155.694
144.312
134.354
140.993
151.938
144.965
124.007
117.625
109.333
105.118
103.861
101.771
97.681
95.556
91.701
89.299
88.292
85.417
82.444
81.569
80.118
78.743
77.91
76.208
75.174
74.59
72.889
71.91
70.438
68.736
67.882
66.035
64.41
63.812
61.965
61.097
60.597
59.271
58.056
57.708
56.514
54.986
54.382
53.361
52.583
52.076
50.826
49.812
49.535
48.403
47.389
46.896
46.139
45.049
44.486
43.535
42.521
42.09
41.424
40.403
40.194
39.632
38.562
38.167
37.257
36.333
35.875
35.125
34.646
34.208
33.431
33.188
32.632
31.542
31.59
30.667
29.951
29.597
29.125
28.729
27.993
27.375
27.431
27.375
26.785
26.5
26.236
25.479
25.507
25.451
24.757
25.125
25.278
24.361
24
23.91
23.514
23.028
23.465
23.764
23.875
23.097
22.958
22.896
23.181
22.812
22.188
21.458
21.417
21.667
22.035
22.014
22.021
21.389
21.417
20.972
20.472
21.285
20.493
19.903
19.854
19.951
20.375
19.389
19.021
18.785
18.479
18.5
18.375
18.875
18.486
18.819
18.542
18.917
19.09
