0.6585
0.703
0.7231
0.7504
0.6758
0.6801
0.7834
0.7733
0.6184
0.6915
0.7561
0.6958
0.6915
0.7991
0.7647
0.6083
0.6772
0.726
0.8149
0.7217
0.7202
0.759
0.6341
0.6671
0.7303
0.8723
0.7202
0.6026
0.7073
0.7547
0.6714
0.8049
0.8307
0.693
0.7059
0.6987
0.7518
0.6413
0.6901
0.7762
0.8135
0.6471
0.627
0.7159
0.5811
0.7202
0.7102
0.7719
0.6456
0.6413
0.5882
0.7016
0.6169
0.6327
0.7059
0.5825
0.6471
0.6714
0.7891
0.6801
0.6887
0.759
0.6011
0.6112
0.6786
0.67
0.561
0.703
0.7159
0.7948
0.703
0.7317
0.7676
0.736
0.7245
0.7676
0.7747
0.6987
0.7776
0.7504
0.7044
0.6571
0.637
0.7044
0.5868
0.6313
0.6973
0.6958
0.5495
0.6442
0.7188
0.7661
0.5653
0.5925
0.6901
0.6255
0.7131
0.6385
0.7202
0.6184
0.7475
0.6542
0.7217
0.6241
0.5638
0.67
0.6141
0.7532
0.6614
0.7088
0.495
0.6385
0.604
0.6944
0.604
0.6456
0.8307
0.6399
0.7389
0.7848
0.802
0.5667
0.6729
0.6413
0.5265
0.6155
0.5624
0.6471
0.4993
0.6212
0.5796
0.7044
0.6227
0.7374
0.6471
0.5466
0.6557
0.6557
0.7475
0.5968
0.7001
0.66
0.7618
0.5925
0.7188
0.6815
0.6055
0.6485
0.6327
0.7963
0.6844
0.5753
0.5868
0.7504
0.6112
0.4605
0.6528
0.5997
0.6944
0.5395
0.7102
0.6858
0.6528
0.6341
0.6786
0.604
0.4835
0.6729
0.5065
0.5595
0.6198
0.6729
0.6184
0.7159
0.6126
0.7059
0.6341
0.5581
0.627
0.5595
0.7303
0.66
0.7647
0.6341
0.6801
0.7805
0.6098
0.6341
0.6829
0.7733
0.6499
0.7131
0.6241
0.66
0.5753
0.7202
0.5725
0.5308
0.6514
0.5466
0.6657
0.5681
0.6112
0.5768
0.7044
0.5624
0.7231
0.6212
0.4921
0.7102
0.5681
0.7202
0.5538
0.7131
0.5811
0.7963
0.6471
0.5409
0.7461
0.5481
0.6858
0.6112
0.8422
0.5308
0.7288
0.5481
0.8953
0.6184
0.5265
1.0129
0.4993
1.2482
0.8006
1.8494
0.8795
2.2052
1.2267
2.5825
1.594
1.0344
2.4146
1.3902
2.429
1.759
3.1234
2.944
5.099
5.5897
6.4448
8.8967
10.264
13.1621
14.3171
17.066
17.9154
19.2453
19.5509
20.3271
20.6442
20.8479
21.2582
21.3027
21.2984
21.1392
20.7905
20.5409
19.8278
19.3357
17.9828
17.231
16.2195
13.8867
12.5524
10.0617
9.0014
7.1334
6.2037
4.307
3.6155
2.9641
1.8393
1.3458
1.0143
1.0344
1.3257
1.5165
2.3745
2.8938
4.2511
4.9383
5.8852
7.9957
8.868
11.3013
12.5136
14.6212
15.4017
17.0344
17.7188
18.6298
19.0158
19.3443
19.7088
19.7991
19.7231
19.7518
19.3199
18.9412
17.5151
16.9627
15.9225
13.5868
12.703
10.4749
9.7374
7.6657
7.1478
5.1377
4.5409
2.8235
2.5366
2.6184
1.5294
2.5366
1.8852
2.9742
1.7575
2.9039
1.4189
2.1205
0.7532
1.3816
1.7418
0.6915
1.3429
0.6169
0.9598
0.6055
1.0014
0.4806
0.6614
0.8709
0.5237
0.7389
0.5079
0.7805
0.5968
0.7432
0.5839
0.7331
0.5179
0.5968
0.7776
0.5495
0.6542
0.5681
0.6887
0.5638
0.5839
0.4849
0.7202
0.4978
0.6643
0.7561
0.66
0.6198
0.5911
0.7231
0.5667
0.6772
0.5093
0.5854
0.6686
0.6241
0.7461
0.5696
0.6528
0.5782
0.5925
0.5854
0.7174
0.561
0.6528
0.7977
0.6557
0.8077
0.6341
0.6499
0.5595
0.7704
0.6729
0.6255
0.6528
0.6844
0.6542
0.6428
0.7217
0.6055
0.5968
0.4878
0.6542
0.6141
0.5911
0.6815
0.5983
0.6385
0.604
0.7102
0.6585
0.7217
0.5983
0.7303
0.6327
0.6643
0.769
0.5968
0.5911
0.6413
0.6958
0.5022
0.6026
0.5552
0.7016
0.5194
0.5854
0.7202
0.6241
0.5495
0.5667
0.8034
0.7188
0.6341
0.5753
0.6887
0.6055
0.5997
0.6686
0.6485
0.7432
0.6126
0.7446
0.6471
0.594
0.5136
0.6026
0.7231
0.6399
0.7518
0.6313
0.6714
0.5395
0.7202
0.6227
0.6356
0.6184
0.6901
0.6743
0.5079
0.6743
0.6184
0.5567
0.5423
0.5825
0.6356
0.6714
0.7489
0.5968
0.538
0.5093
0.726
0.7288
0.6284
0.4476
0.538
0.5854
0.5897
0.7618
0.7217
0.6141
0.6298
0.8494
0.7288
0.7604
0.736
0.6973
0.561
0.5438
0.7174
0.7217
0.7159
0.5753
0.7188
0.6671
0.693
0.5796
0.7418
0.6915
0.604
0.7346
0.6628
0.6542
0.5653
0.7274
0.736
0.7159
0.5423
0.6958
0.6729
0.6829
0.8479
0.6499
0.6026
0.6055
0.6915
0.6829
0.6643
0.6327
0.6844
0.6356
0.6471
0.7504
0.7661
0.7102
0.6786
0.7747
0.7001
0.7102
0.8149
0.726
0.6571
0.6528
0.6987
0.6643
0.5868
0.5897
0.7647
0.7016
0.6758
0.7977
0.7274
0.693
0.5854
0.7245
0.7618
0.7317
0.6413
0.8379
0.7059
0.6858
0.726
0.7174
0.7547
0.6499
0.7374
0.6801
0.6643
0.6327
0.8178
0.7948
0.6815
0.7891
0.6958
0.7403
0.7001
0.8795
0.7948
0.7059
0.5624
0.7044
0.6155
0.6743
0.7877
0.7561
0.6872
0.6815
0.7489
0.8063
0.7346
0.6758
0.7862
0.8422
0.8077
0.9326
0.8637
0.6657
0.4821
